MEAN
----------------
       why_pw_c   why_pw_a  because_pw_c  because_pw_a
m3                                                    
24.0   5.908419   1.547287      2.954210     13.082648
27.0  11.137909   1.304803      0.000000     10.024248
30.0   7.760452   4.397654     18.713543     20.659369
33.0  15.570499  18.100747     47.813560     21.539817
36.0  18.232860   2.593231      4.636785     16.544476
39.0  15.228339   4.745545     14.232193     30.054523
42.0   7.103018   8.598377     33.265067     32.739413
45.0  29.952946  16.864359     54.955068     43.062436
48.0  25.909530  15.184474     72.234900     29.035984
51.0  17.913948  18.452948     52.213011     17.250758
54.0   3.676471   1.242236      2.757353      3.726708

STD
----------------
      why_pw_c  why_pw_a  because_pw_c  because_pw_a
m3                                                  
24.0  2.642326  0.331123      1.321163      0.901270
27.0  4.960068  0.452865      0.000000      1.021104
30.0  1.429457  0.411443      2.844023      0.887258
33.0  2.537208  1.289834      5.002029      1.606090
36.0  5.325996  0.311372      2.318393      1.050077
39.0  4.133179  0.580603      1.885565      0.923792
42.0  0.650202  0.358865      2.081772      0.991913
45.0  1.498369  1.061429      3.878358      1.186610
48.0  4.010537  1.159437      3.286540      0.864094
51.0  3.088848  1.510358      5.569640      0.826188
54.0       NaN       NaN           NaN           NaN
