MEAN
----------------
        why_pw_c   why_pw_a  because_pw_c  because_pw_a
m3                                                     
21.0    0.000000   7.777798      0.000000     14.250668
24.0    1.291990  16.456576      1.008065     36.144201
27.0    0.000000   6.480342      7.054046     20.376214
30.0   36.562182  31.067084      4.266105     70.495865
33.0  109.984448  56.694156     69.740614     98.716063
36.0   61.710955  51.478310     73.488821     64.187844
39.0   29.461449  10.417359     13.080402     22.915553

STD
----------------
      why_pw_c  why_pw_a  because_pw_c  because_pw_a
m3                                                  
21.0  0.000000  0.673786      0.000000      0.801354
24.0  0.313354  0.763385      0.244492      0.886054
27.0  0.000000  0.953342      1.388728      2.354513
30.0  2.698278  0.660091      0.290665      1.671911
33.0  2.438529  0.876423      1.329029      2.201478
36.0  1.675550  1.350651      1.518593      1.343297
39.0  3.433772  1.116540      1.689101      2.210151
