MEAN
----------------
       why_pw_c   why_pw_a  because_pw_c  because_pw_a
m3                                                    
24.0   0.000000  25.551772      0.000000    179.717210
27.0   0.000000  35.158007      0.437637    203.085959
30.0   1.129341  49.306799      1.875206    185.472207
33.0   5.764970  57.049294      2.944631    209.386578
36.0   8.001219  44.894575     62.523587    155.379999
39.0  20.875717  19.001410     73.527765     52.613516
42.0  15.541210  14.329079     70.419268     58.393967
45.0  15.816072  21.912283     99.716314     53.796975
48.0  15.731011  21.684575     55.030546     67.302922
51.0  25.249067  19.632940     62.661363     60.687185
54.0  16.109769  16.928339     56.088963     55.667314
57.0  34.146034  20.179468     45.632774     69.922514

STD
----------------
      why_pw_c  why_pw_a  because_pw_c  because_pw_a
m3                                                  
24.0  0.000000  0.443692      0.000000      1.532669
27.0  0.000000  0.375125      0.055580      1.121877
30.0  0.103935  0.471910      0.145509      1.064125
33.0  0.317398  0.412560      0.177562      1.189593
36.0  0.298415  0.671691      1.280329      1.016012
39.0  1.086080  0.555200      2.176351      0.988966
42.0  0.722789  0.489013      4.120207      1.416663
45.0  0.832410  1.802454      3.144943      1.364691
48.0  0.813845  0.623713      2.387445      2.198271
51.0  0.899890  0.585788      3.406170      1.174840
54.0  1.048209  0.495603      3.757330      1.472375
57.0  0.856920  0.598771      2.372937      1.399528
