MEAN
----------------
        why_pw_c   why_pw_a  because_pw_c  because_pw_a
m3                                                     
15.0    0.000000   2.938761      0.000000      8.874315
18.0    2.688172  18.289753      0.000000     35.883636
21.0   18.322460  34.969031      2.162162     43.554089
24.0    9.015965  31.824622      2.123142     31.328961
27.0   29.581702  45.104175      8.751427     61.368082
30.0   22.958442  32.241478     15.966957     48.500520
33.0  112.997491  39.564576     12.975712     65.680567
36.0   33.624707  22.827022     27.142171     48.959721
39.0  144.333239  59.791515     66.448369     94.100035
42.0   58.151129  16.329399     34.309824     34.946474
45.0    0.000000   0.000000      0.000000      0.000000
54.0    9.907903   6.441137      5.571183      7.611858
57.0   23.372235   7.823329     32.603150     17.761401
60.0   12.781134   2.466145      7.236669      7.694720

STD
----------------
      why_pw_c  why_pw_a  because_pw_c  because_pw_a
m3                                                  
15.0  0.000000  0.718381      0.000000      1.272196
18.0  0.499181  1.104439      0.000000      1.273973
21.0  2.874064  1.287548      0.360360      1.615767
24.0  0.879255  1.577393      0.381328      1.261764
27.0  1.728062  1.931159      0.930226      1.717859
30.0  1.872223  1.436043      1.381862      1.825495
33.0  6.605233  1.534766      0.859172      2.139795
36.0  2.750217  1.322125      2.249276      2.277211
39.0  4.270539  2.027636      2.569170      1.975001
42.0  6.538719  1.339148      2.188193      2.176812
45.0       NaN       NaN           NaN           NaN
54.0  3.283008  2.466405      0.753361      1.314362
57.0  2.423067  1.101970      3.607501      1.122757
60.0  3.746707  0.323980      1.531463      0.982598
